{
 "cells": [
  {
   "cell_type": "markdown",
   "id": "6133b4ef",
   "metadata": {},
   "source": [
    "# **Matrizes**"
   ]
  },
  {
   "cell_type": "code",
   "execution_count": 1,
   "id": "30fa7182",
   "metadata": {},
   "outputs": [],
   "source": [
    "import numpy as np\n",
    "import scipy"
   ]
  },
  {
   "cell_type": "markdown",
   "id": "35df6291",
   "metadata": {},
   "source": [
    "## Normas"
   ]
  },
  {
   "cell_type": "code",
   "execution_count": 2,
   "id": "579c5225",
   "metadata": {},
   "outputs": [],
   "source": [
    "matrix = np.array([\n",
    "    [1, 1, 2, 2, 10, 127.35],\n",
    "    [2, 2, 2, 1, 10, 128.10],\n",
    "    [2, 1, 2, 2, 10, 134.85],\n",
    "    [2, 1, 2, 1, 10, 119.85],\n",
    "])"
   ]
  },
  {
   "cell_type": "code",
   "execution_count": 3,
   "id": "dc78dbef",
   "metadata": {},
   "outputs": [
    {
     "data": {
      "text/plain": [
       "2"
      ]
     },
     "execution_count": 3,
     "metadata": {},
     "output_type": "execute_result"
    }
   ],
   "source": [
    "matrix.ndim"
   ]
  },
  {
   "cell_type": "code",
   "execution_count": 4,
   "id": "fce3e4fa",
   "metadata": {},
   "outputs": [
    {
     "data": {
      "text/plain": [
       "(4, 6)"
      ]
     },
     "execution_count": 4,
     "metadata": {},
     "output_type": "execute_result"
    }
   ],
   "source": [
    "matrix.shape"
   ]
  },
  {
   "cell_type": "code",
   "execution_count": 5,
   "id": "c97a7995",
   "metadata": {},
   "outputs": [
    {
     "data": {
      "text/plain": [
       "24"
      ]
     },
     "execution_count": 5,
     "metadata": {},
     "output_type": "execute_result"
    }
   ],
   "source": [
    "matrix.size"
   ]
  },
  {
   "cell_type": "code",
   "execution_count": null,
   "id": "aca383dd",
   "metadata": {},
   "outputs": [
    {
     "data": {
      "text/plain": [
       "np.float64(256.16826013384247)"
      ]
     },
     "execution_count": 6,
     "metadata": {},
     "output_type": "execute_result"
    }
   ],
   "source": [
    "np.linalg.norm(matrix)"
   ]
  },
  {
   "cell_type": "code",
   "execution_count": 7,
   "id": "e7edf11a",
   "metadata": {},
   "outputs": [
    {
     "data": {
      "text/plain": [
       "np.float64(256.16224823752526)"
      ]
     },
     "execution_count": 7,
     "metadata": {},
     "output_type": "execute_result"
    }
   ],
   "source": [
    "np.linalg.norm(matrix, ord=2)"
   ]
  },
  {
   "cell_type": "markdown",
   "id": "ef0fd4ff",
   "metadata": {},
   "source": [
    "## Matriz transposta"
   ]
  },
  {
   "cell_type": "code",
   "execution_count": 8,
   "id": "5e66a875",
   "metadata": {},
   "outputs": [
    {
     "data": {
      "text/plain": [
       "array([[  1.  ,   1.  ,   2.  ,   2.  ,  10.  , 127.35],\n",
       "       [  2.  ,   2.  ,   2.  ,   1.  ,  10.  , 128.1 ],\n",
       "       [  2.  ,   1.  ,   2.  ,   2.  ,  10.  , 134.85],\n",
       "       [  2.  ,   1.  ,   2.  ,   1.  ,  10.  , 119.85]])"
      ]
     },
     "execution_count": 8,
     "metadata": {},
     "output_type": "execute_result"
    }
   ],
   "source": [
    "matrix"
   ]
  },
  {
   "cell_type": "code",
   "execution_count": 9,
   "id": "86744db4",
   "metadata": {},
   "outputs": [
    {
     "data": {
      "text/plain": [
       "array([[  1.  ,   2.  ,   2.  ,   2.  ],\n",
       "       [  1.  ,   2.  ,   1.  ,   1.  ],\n",
       "       [  2.  ,   2.  ,   2.  ,   2.  ],\n",
       "       [  2.  ,   1.  ,   2.  ,   1.  ],\n",
       "       [ 10.  ,  10.  ,  10.  ,  10.  ],\n",
       "       [127.35, 128.1 , 134.85, 119.85]])"
      ]
     },
     "execution_count": 9,
     "metadata": {},
     "output_type": "execute_result"
    }
   ],
   "source": [
    "np.transpose(matrix)"
   ]
  },
  {
   "cell_type": "code",
   "execution_count": 10,
   "id": "eab36fff",
   "metadata": {},
   "outputs": [
    {
     "data": {
      "text/plain": [
       "array([[  1.  ,   2.  ,   2.  ,   2.  ],\n",
       "       [  1.  ,   2.  ,   1.  ,   1.  ],\n",
       "       [  2.  ,   2.  ,   2.  ,   2.  ],\n",
       "       [  2.  ,   1.  ,   2.  ,   1.  ],\n",
       "       [ 10.  ,  10.  ,  10.  ,  10.  ],\n",
       "       [127.35, 128.1 , 134.85, 119.85]])"
      ]
     },
     "execution_count": 10,
     "metadata": {},
     "output_type": "execute_result"
    }
   ],
   "source": [
    "matrix.T"
   ]
  },
  {
   "cell_type": "markdown",
   "id": "6ee249a8",
   "metadata": {},
   "source": [
    "## Matriz simétrica"
   ]
  },
  {
   "cell_type": "code",
   "execution_count": 11,
   "id": "b24056cb",
   "metadata": {},
   "outputs": [],
   "source": [
    "sym_matrix = np.array([\n",
    "    [1, 3, 2, 5],\n",
    "    [3, 2, 8, 1],\n",
    "    [2, 8, 6, 7],\n",
    "    [5, 1, 7, 4],\n",
    "])"
   ]
  },
  {
   "cell_type": "code",
   "execution_count": 12,
   "id": "85bc58a6",
   "metadata": {},
   "outputs": [
    {
     "data": {
      "text/plain": [
       "True"
      ]
     },
     "execution_count": 12,
     "metadata": {},
     "output_type": "execute_result"
    }
   ],
   "source": [
    "scipy.linalg.issymmetric(sym_matrix)"
   ]
  },
  {
   "cell_type": "code",
   "execution_count": 14,
   "id": "93355c6e",
   "metadata": {},
   "outputs": [
    {
     "data": {
      "text/plain": [
       "np.True_"
      ]
     },
     "execution_count": 14,
     "metadata": {},
     "output_type": "execute_result"
    }
   ],
   "source": [
    "np.all(sym_matrix == sym_matrix.T)"
   ]
  },
  {
   "cell_type": "markdown",
   "id": "3ae9162d",
   "metadata": {},
   "source": [
    "## Matriz diagonal"
   ]
  },
  {
   "cell_type": "code",
   "execution_count": 15,
   "id": "d85c632a",
   "metadata": {},
   "outputs": [],
   "source": [
    "diag_matrix = np.array([\n",
    "    [1, 0, 0, 0],\n",
    "    [0, 2, 0, 0],\n",
    "    [0, 0, 6, 0],\n",
    "    [0, 0, 0, 4]\n",
    "])"
   ]
  },
  {
   "cell_type": "code",
   "execution_count": 16,
   "id": "957868ba",
   "metadata": {},
   "outputs": [
    {
     "data": {
      "text/plain": [
       "array([1, 2, 6, 4])"
      ]
     },
     "execution_count": 16,
     "metadata": {},
     "output_type": "execute_result"
    }
   ],
   "source": [
    "diagonal_elements = np.diag(diag_matrix)\n",
    "diagonal_elements"
   ]
  },
  {
   "cell_type": "code",
   "execution_count": 17,
   "id": "c27f37d2",
   "metadata": {},
   "outputs": [
    {
     "data": {
      "text/plain": [
       "array([[1, 0, 0, 0],\n",
       "       [0, 2, 0, 0],\n",
       "       [0, 0, 6, 0],\n",
       "       [0, 0, 0, 4]])"
      ]
     },
     "execution_count": 17,
     "metadata": {},
     "output_type": "execute_result"
    }
   ],
   "source": [
    "new_diag_matrix = np.diag(diagonal_elements)\n",
    "new_diag_matrix"
   ]
  },
  {
   "cell_type": "code",
   "execution_count": 18,
   "id": "5ac5aae6",
   "metadata": {},
   "outputs": [
    {
     "data": {
      "text/plain": [
       "np.True_"
      ]
     },
     "execution_count": 18,
     "metadata": {},
     "output_type": "execute_result"
    }
   ],
   "source": [
    "np.all(diag_matrix == new_diag_matrix)"
   ]
  },
  {
   "cell_type": "code",
   "execution_count": 19,
   "id": "b3ec10dc",
   "metadata": {},
   "outputs": [
    {
     "data": {
      "text/plain": [
       "array([1.        , 0.5       , 0.16666667, 0.25      ])"
      ]
     },
     "execution_count": 19,
     "metadata": {},
     "output_type": "execute_result"
    }
   ],
   "source": [
    "diagonal_elements_reciprocal = np.reciprocal(diagonal_elements.astype(float))\n",
    "diagonal_elements_reciprocal"
   ]
  },
  {
   "cell_type": "code",
   "execution_count": 20,
   "id": "b2b04ec7",
   "metadata": {},
   "outputs": [
    {
     "data": {
      "text/plain": [
       "array([[1.        , 0.        , 0.        , 0.        ],\n",
       "       [0.        , 0.5       , 0.        , 0.        ],\n",
       "       [0.        , 0.        , 0.16666667, 0.        ],\n",
       "       [0.        , 0.        , 0.        , 0.25      ]])"
      ]
     },
     "execution_count": 20,
     "metadata": {},
     "output_type": "execute_result"
    }
   ],
   "source": [
    "diag_matrix_inverse = np.linalg.inv(diag_matrix)\n",
    "diag_matrix_inverse"
   ]
  },
  {
   "cell_type": "code",
   "execution_count": 22,
   "id": "c4c13d91",
   "metadata": {},
   "outputs": [
    {
     "data": {
      "text/plain": [
       "np.True_"
      ]
     },
     "execution_count": 22,
     "metadata": {},
     "output_type": "execute_result"
    }
   ],
   "source": [
    "np.all(diagonal_elements_reciprocal == np.diag(diag_matrix_inverse))"
   ]
  },
  {
   "cell_type": "markdown",
   "id": "142b8610",
   "metadata": {},
   "source": [
    "## Matriz identidade"
   ]
  },
  {
   "cell_type": "code",
   "execution_count": 23,
   "id": "d413a2cc",
   "metadata": {},
   "outputs": [
    {
     "data": {
      "text/plain": [
       "array([[1., 0., 0., 0.],\n",
       "       [0., 1., 0., 0.],\n",
       "       [0., 0., 1., 0.],\n",
       "       [0., 0., 0., 1.]])"
      ]
     },
     "execution_count": 23,
     "metadata": {},
     "output_type": "execute_result"
    }
   ],
   "source": [
    "np.identity(n=4)"
   ]
  },
  {
   "cell_type": "code",
   "execution_count": 24,
   "id": "64f87dc5",
   "metadata": {},
   "outputs": [
    {
     "data": {
      "text/plain": [
       "np.True_"
      ]
     },
     "execution_count": 24,
     "metadata": {},
     "output_type": "execute_result"
    }
   ],
   "source": [
    "np.all(np.diag(np.identity(n=4) == 1))"
   ]
  },
  {
   "cell_type": "markdown",
   "id": "e7395978",
   "metadata": {},
   "source": [
    "## Matriz inversa"
   ]
  },
  {
   "cell_type": "code",
   "execution_count": 25,
   "id": "a43ca4c7",
   "metadata": {},
   "outputs": [
    {
     "data": {
      "text/plain": [
       "array([[1, 3, 2, 5],\n",
       "       [3, 2, 8, 1],\n",
       "       [2, 8, 6, 7],\n",
       "       [5, 1, 7, 4]])"
      ]
     },
     "execution_count": 25,
     "metadata": {},
     "output_type": "execute_result"
    }
   ],
   "source": [
    "sym_matrix"
   ]
  },
  {
   "cell_type": "code",
   "execution_count": 26,
   "id": "920bf08e",
   "metadata": {},
   "outputs": [
    {
     "data": {
      "text/plain": [
       "array([[-0.92165899, -0.57603687,  0.41935484,  0.56221198],\n",
       "       [-0.57603687, -0.23502304,  0.38709677,  0.10138249],\n",
       "       [ 0.41935484,  0.38709677, -0.22580645, -0.22580645],\n",
       "       [ 0.56221198,  0.10138249, -0.22580645, -0.08294931]])"
      ]
     },
     "execution_count": 26,
     "metadata": {},
     "output_type": "execute_result"
    }
   ],
   "source": [
    "sym_matrix_inv = np.linalg.inv(sym_matrix)\n",
    "sym_matrix_inv"
   ]
  },
  {
   "cell_type": "code",
   "execution_count": 27,
   "id": "5b1269af",
   "metadata": {},
   "outputs": [
    {
     "data": {
      "text/plain": [
       "array([[ 1.00000000e+00,  1.24900090e-16,  8.32667268e-17,\n",
       "         2.77555756e-17],\n",
       "       [ 1.44328993e-15,  1.00000000e+00, -6.93889390e-16,\n",
       "        -4.16333634e-16],\n",
       "       [ 7.77156117e-16,  4.16333634e-17,  1.00000000e+00,\n",
       "        -1.38777878e-16],\n",
       "       [ 0.00000000e+00, -2.77555756e-16,  3.33066907e-16,\n",
       "         1.00000000e+00]])"
      ]
     },
     "execution_count": 27,
     "metadata": {},
     "output_type": "execute_result"
    }
   ],
   "source": [
    "np.dot(sym_matrix, sym_matrix_inv)"
   ]
  },
  {
   "cell_type": "code",
   "execution_count": 29,
   "id": "89a416c9",
   "metadata": {},
   "outputs": [
    {
     "data": {
      "text/plain": [
       "True"
      ]
     },
     "execution_count": 29,
     "metadata": {},
     "output_type": "execute_result"
    }
   ],
   "source": [
    "np.allclose(np.dot(sym_matrix, sym_matrix_inv), np.identity(4))"
   ]
  },
  {
   "cell_type": "code",
   "execution_count": 30,
   "id": "83ea57b6",
   "metadata": {},
   "outputs": [],
   "source": [
    "sing_matrix = np.array([\n",
    "    [1, 3, 2, 5],\n",
    "    [3, 2, 8, 1],\n",
    "    [2, 6, 4, 10],\n",
    "    [5, 1, 7, 4],\n",
    "])"
   ]
  },
  {
   "cell_type": "code",
   "execution_count": 31,
   "id": "e97c0cf4",
   "metadata": {},
   "outputs": [
    {
     "ename": "LinAlgError",
     "evalue": "Singular matrix",
     "output_type": "error",
     "traceback": [
      "\u001b[31m---------------------------------------------------------------------------\u001b[39m",
      "\u001b[31mLinAlgError\u001b[39m                               Traceback (most recent call last)",
      "\u001b[36mCell\u001b[39m\u001b[36m \u001b[39m\u001b[32mIn[31]\u001b[39m\u001b[32m, line 1\u001b[39m\n\u001b[32m----> \u001b[39m\u001b[32m1\u001b[39m \u001b[43mnp\u001b[49m\u001b[43m.\u001b[49m\u001b[43mlinalg\u001b[49m\u001b[43m.\u001b[49m\u001b[43minv\u001b[49m\u001b[43m(\u001b[49m\u001b[43msing_matrix\u001b[49m\u001b[43m)\u001b[49m\n",
      "\u001b[36mFile \u001b[39m\u001b[32m~/Algebra-Linear-para-Data-Science-e-Machine-Learning/.venv/lib/python3.12/site-packages/numpy/linalg/_linalg.py:648\u001b[39m, in \u001b[36minv\u001b[39m\u001b[34m(a)\u001b[39m\n\u001b[32m    645\u001b[39m signature = \u001b[33m'\u001b[39m\u001b[33mD->D\u001b[39m\u001b[33m'\u001b[39m \u001b[38;5;28;01mif\u001b[39;00m isComplexType(t) \u001b[38;5;28;01melse\u001b[39;00m \u001b[33m'\u001b[39m\u001b[33md->d\u001b[39m\u001b[33m'\u001b[39m\n\u001b[32m    646\u001b[39m \u001b[38;5;28;01mwith\u001b[39;00m errstate(call=_raise_linalgerror_singular, invalid=\u001b[33m'\u001b[39m\u001b[33mcall\u001b[39m\u001b[33m'\u001b[39m,\n\u001b[32m    647\u001b[39m               over=\u001b[33m'\u001b[39m\u001b[33mignore\u001b[39m\u001b[33m'\u001b[39m, divide=\u001b[33m'\u001b[39m\u001b[33mignore\u001b[39m\u001b[33m'\u001b[39m, under=\u001b[33m'\u001b[39m\u001b[33mignore\u001b[39m\u001b[33m'\u001b[39m):\n\u001b[32m--> \u001b[39m\u001b[32m648\u001b[39m     ainv = \u001b[43m_umath_linalg\u001b[49m\u001b[43m.\u001b[49m\u001b[43minv\u001b[49m\u001b[43m(\u001b[49m\u001b[43ma\u001b[49m\u001b[43m,\u001b[49m\u001b[43m \u001b[49m\u001b[43msignature\u001b[49m\u001b[43m=\u001b[49m\u001b[43msignature\u001b[49m\u001b[43m)\u001b[49m\n\u001b[32m    649\u001b[39m \u001b[38;5;28;01mreturn\u001b[39;00m wrap(ainv.astype(result_t, copy=\u001b[38;5;28;01mFalse\u001b[39;00m))\n",
      "\u001b[36mFile \u001b[39m\u001b[32m~/Algebra-Linear-para-Data-Science-e-Machine-Learning/.venv/lib/python3.12/site-packages/numpy/linalg/_linalg.py:145\u001b[39m, in \u001b[36m_raise_linalgerror_singular\u001b[39m\u001b[34m(err, flag)\u001b[39m\n\u001b[32m    144\u001b[39m \u001b[38;5;28;01mdef\u001b[39;00m\u001b[38;5;250m \u001b[39m\u001b[34m_raise_linalgerror_singular\u001b[39m(err, flag):\n\u001b[32m--> \u001b[39m\u001b[32m145\u001b[39m     \u001b[38;5;28;01mraise\u001b[39;00m LinAlgError(\u001b[33m\"\u001b[39m\u001b[33mSingular matrix\u001b[39m\u001b[33m\"\u001b[39m)\n",
      "\u001b[31mLinAlgError\u001b[39m: Singular matrix"
     ]
    }
   ],
   "source": [
    "np.linalg.inv(sing_matrix)"
   ]
  },
  {
   "cell_type": "code",
   "execution_count": 32,
   "id": "35f7ee8a",
   "metadata": {},
   "outputs": [
    {
     "data": {
      "text/plain": [
       "array([[-0.02134168, -0.14181439, -0.04268335,  0.22419187],\n",
       "       [ 0.03524505,  0.16579771,  0.07049009, -0.21063608],\n",
       "       [-0.00389294,  0.15328467, -0.00778589, -0.04379562],\n",
       "       [ 0.02467848, -0.13242961,  0.04935697,  0.09906152]])"
      ]
     },
     "execution_count": 32,
     "metadata": {},
     "output_type": "execute_result"
    }
   ],
   "source": [
    "sing_matrix_inv = np.linalg.pinv(sing_matrix)\n",
    "sing_matrix_inv"
   ]
  },
  {
   "cell_type": "code",
   "execution_count": 33,
   "id": "6e835036",
   "metadata": {},
   "outputs": [
    {
     "data": {
      "text/plain": [
       "array([[  1.  ,   1.  ,   2.  ,   2.  ,  10.  , 127.35],\n",
       "       [  2.  ,   2.  ,   2.  ,   1.  ,  10.  , 128.1 ],\n",
       "       [  2.  ,   1.  ,   2.  ,   2.  ,  10.  , 134.85],\n",
       "       [  2.  ,   1.  ,   2.  ,   1.  ,  10.  , 119.85]])"
      ]
     },
     "execution_count": 33,
     "metadata": {},
     "output_type": "execute_result"
    }
   ],
   "source": [
    "matrix"
   ]
  },
  {
   "cell_type": "code",
   "execution_count": 34,
   "id": "55bd0a42",
   "metadata": {},
   "outputs": [
    {
     "data": {
      "text/plain": [
       "array([[-0.89264595, -0.13513244,  0.63533039,  0.37824551],\n",
       "       [ 0.11808946,  0.85135432, -0.40113657, -0.58392994],\n",
       "       [ 0.06092331, -0.04750463, -0.13399241,  0.13683291],\n",
       "       [ 0.21470811, -0.27026488,  0.27066078, -0.24350898],\n",
       "       [ 0.30461655, -0.23752317, -0.66996205,  0.68416453],\n",
       "       [-0.01431387,  0.01801766,  0.04862261, -0.05043273]])"
      ]
     },
     "execution_count": 34,
     "metadata": {},
     "output_type": "execute_result"
    }
   ],
   "source": [
    "matrix_inv = np.linalg.pinv(matrix)\n",
    "matrix_inv"
   ]
  },
  {
   "cell_type": "code",
   "execution_count": 35,
   "id": "2fe7d2cb",
   "metadata": {},
   "outputs": [
    {
     "data": {
      "text/plain": [
       "array([[ 1.,  0., -0., -0.],\n",
       "       [-0.,  1., -0.,  0.],\n",
       "       [-0.,  0.,  1.,  0.],\n",
       "       [-0.,  0., -0.,  1.]])"
      ]
     },
     "execution_count": 35,
     "metadata": {},
     "output_type": "execute_result"
    }
   ],
   "source": [
    "np.dot(matrix, np.linalg.pinv(matrix)).round()"
   ]
  }
 ],
 "metadata": {
  "kernelspec": {
   "display_name": ".venv",
   "language": "python",
   "name": "python3"
  },
  "language_info": {
   "codemirror_mode": {
    "name": "ipython",
    "version": 3
   },
   "file_extension": ".py",
   "mimetype": "text/x-python",
   "name": "python",
   "nbconvert_exporter": "python",
   "pygments_lexer": "ipython3",
   "version": "3.12.13"
  }
 },
 "nbformat": 4,
 "nbformat_minor": 5
}
